Test1.txt 
60, 70, 80, 95, 120, 135, 160, 30, 20, 5
265
5,265
Test2.txt 
60, 70, 80, 95, 120, 135, 160, 30, 20, 10, 5
265
5,265
Test3.txt 
5, 10, 20, 30, 60, 70, 80, 95, 120, 135, 160
158
160,158
Test4.txt 
160, 135, 120, 95, 80, 70, 60, 30, 20, 10, 5
175
5,175
Test5.txt 
40, 31, 20, 10, 5, 60, 65, 70, 80, 95, 120, 135, 160, 170
210
170,210
Test6.txt 
40, 35, 30, 24, 20, 15, 10, 5, 60, 61, 70, 75, 80, 95, 110, 120, 125, 130, 135, 140, 160, 170
210
170,210
Test7.txt 
40, 35, 30, 24, 20, 15, 10, 5, 60, 61, 70, 75, 80, 95, 120, 125, 130, 135, 140, 160, 170, 180
220
180,220