Test1.txt 
60, 70, 80, 95, 120, 135, 160, 30, 20, 5
343
5,343
Test2.txt 
60, 70, 80, 95, 120, 135, 160, 30, 20, 5, 10
348
10,348
Test3.txt 
5, 20, 30, 60, 70, 80, 95, 120, 135, 160, 10
308
10,308
Test4.txt 
160, 135, 120, 95, 80, 70, 60, 30, 20, 5, 10
180
10,180
Test5.txt 
20, 5, 40, 60, 70, 80, 95, 120, 135, 160, 170, 65, 31, 10
438
10,438
Test6.txt 
60, 70, 80, 95, 120, 135, 160, 30, 20, 5, 10, 15, 24, 35, 40, 61, 75, 125, 130, 170, 140, 110
568
110,568
Test7.txt 
60, 70, 80, 95, 120, 135, 160, 30, 20, 5, 10, 15, 24, 35, 40, 61, 75, 125, 130, 170, 180, 140
596
140,596