6.182259827916195718e+02
4.404520679664069576e+02
-3.805678958088921036e+02
3.562536503512949366e+02
-7.497800843754089328e+02
-3.821390549246357295e+02
9.790627192584083787e+02
-6.951775106980926466e+02
-8.482907521853120443e+02
8.384903753458702340e+02
-3.852975722004015324e+02
-4.123948018554573309e+02
4.471918422571884548e+02
7.784433521075268345e+02
-8.463386538826478045e+01
1.658505192449890728e+02
-4.287828889199985269e+02
9.044634330808528375e+02
2.921720673784543578e+02
-1.104915838585657184e+01
-4.542680052537184565e+02
9.475292622761558050e+02
-3.874376728779145651e+01
4.537955741158525598e+02
-8.212598303752409947e+02
-9.416074370097285282e+02
-6.238133393721598168e+02
5.716228583200518187e+01
8.133929004004869512e+02
-7.457426931147385858e+02
7.740444360484211757e+02
4.420274170726488592e+02
-9.237432697258047938e+02
-4.491345604374972709e+02
-6.289988820657267752e+02
-4.646515198420572688e+02
7.184925377445144932e+02
-6.407485844005304898e+01
-9.177242322948621904e+02
-3.226569168779720940e+02
8.058356170592237504e+02
-4.067419967450709919e+02
9.794860607672330843e+01
-8.960713140029530450e+02
-9.909374376956261585e+02
3.179644166217162820e+02
3.731484214862309727e+02
5.130396469196216458e+02
-2.448011439768606579e+01
-9.985038817346674023e+01
9.780320345285065287e+02
-3.568820405557767117e+01
-1.875620389257011311e+02
3.813209533757187728e+02
2.657597761906026790e+02
5.796742681246455504e+02
8.629350802403221223e+02
6.058260656968870990e+02
1.004560788586288709e+02
4.484531817751192193e+02
-4.677613665502507274e+02
-6.038628493287296806e+02
3.941170702588253789e+02
7.721491374975760209e+02
6.159380940843284407e+02
6.669237545866485561e+02
2.346810390014879886e+02
-9.296151454778857897e+02
7.619998969586868043e+01
-8.010560585174082462e+02
-2.563552111869242935e+02
1.113768003831137321e+02
-4.221316382229952069e+02
3.737513937484945927e+02
-1.528524850633569940e+02
6.885541167822429998e+01
3.078188482741300049e+02
4.043448803567525829e+02
2.815872829682184602e+02
3.694616758234869849e+02
-4.660780966607416076e+02
-5.258927269122873440e+02
2.189639651350473741e+02
9.848741624756764850e+02
-4.605129844468388001e+01
-6.859594726242985416e+02
-5.514746540969349553e+01
-4.435563082804187616e+02
1.381000552531079393e+02
2.509088415856740539e+01
7.943539637901849346e+02
5.693557608146443272e+02
-7.070804263120310225e+02
-4.199292165037824134e+02
1.597552402031881229e+02
7.126366178608584505e+02
-8.159457184649943429e+02
4.646868486038288211e+02
-6.068641966583259091e+02
-6.472483054844482240e+02
